Qba'} 333Vs3A=3 163

11111011 11111111· 1111111101 1111 ,
1111111111 11111111 111111101111111011111,
,0111111 111111111111·11·,·1111111111111111111111
11111111111101111111111111111811111110811111111111ῖθ..
1111 11 10111 11111111,11,111 10111 1111111111111111111 111,
11 330333133333 {3333 11111 1111111
111111,11101111011111 ’1 , 1,1,111111,10

111,1111.ῗ1111.11111“1 1111.) 11,111111111111111
111, 1111111111 1110111101111111111111111

1111. 111101 s 1101·1111,)1·11111)111,1111111111111111
1111111111 11811111 1111111101110111011111, 111 1111111· 11)
,1111111,1111·1,1101011,11011111111111111 1111101111Ρ101111101111
111111111111.(31111111,11111111,111111111111111,1111111110111111

11111111111101111 111111
11111111 1110110111111111111111101011111) 1,·11011

,11111101111111111 111111 11111111111111111111110111111011

1,)1111111101111111111111111111111111111
1111019111111·11111101111111·1111111111011111101

110111111111111111011 8111 11 11111101· 11111111

1111111 11111 111·
3111111111111111,,1·1111111·0,1111111111(1111111611111111111111

Ι 111-1.,1111111111111 111· ’111111111111111111111111111181111111)
’11111111111111 111111111111111111,1,1111111111111111111111
1111111 11111 ,81111111 110111111111111 111111 11111 111111)

1011011111111111011111110111011111111011111111 1 1

(1111101111111111

,1,,111111131101011111011 1111111111 ,

· 1 ,11111111111111111111111111111 10, 111111, -, ’
, 111111111111) 111118111111,11111111111111ῗ”
1111111111111))11111111111·,11111111111,811·1,,1111,1111111101-7 ‘ 1

8111)·11811111111111111,,11110110,1,111111111111111Ξ1Ξ11Ξ111111 hag}

 

